CBC Design: Preliminary Counting Test
Copyright Sawtooth Software
11/18/2022 12:39:49 PM

Task generation method is 'Balanced Overlap' using a seed of 1.
Based on 300 version(s).
Includes 3600 total choice tasks (12 per version).
Each choice task includes 3 concepts and 6 attributes.



Att  Lev     Freq  Level
 1    1      2700  €10
 1    2      2700  €20
 1    3      2700  €30
 1    4      2700  €40

 2    1      3600  3 months
 2    2      3600  12 months+
 2    3      3600  36 months +

 3    1      3600  Cotton
 3    2      3600  Jersey
 3    3      3600  Polyester

 4    1      2700  Normal Production
 4    2      2699  Energy Neutral Factory
 4    3      2701  Recycled
 4    4      2700  Workers Health and Welfare

 5    1      3600  Black or white
 5    2      3600  Multi Colour
 5    3      3600  Multi Colour with prints

 6    1      3600  Bangladesh
 6    2      3600  Turkey
 6    3      3600  Spain




Two-Way Frequencies
-------------------------------------------------------------
Att/Lev         1/1       1/2       1/3       1/4       2/1       2/2       2/3       3/1       3/2       3/3       4/1       4/2       4/3       4/4       5/1       5/2       5/3       6/1       6/2       6/3
1/1            2700         0         0         0       900       900       900       899       901       900       676       675       676       673       901       900       899       900       898       902
1/2               0      2700         0         0       902       899       899       900       901       899       675       676       674       675       899       900       901       899       901       900
1/3               0         0      2700         0       898       901       901       900       900       900       675       675       674       676       901       900       899       900       901       899
1/4               0         0         0      2700       900       900       900       901       898       901       674       673       677       676       899       900       901       901       900       899
2/1             900       902       898       900      3600         0         0      1201      1200      1199       903       898       900       899      1201      1199      1200      1200      1202      1198
2/2             900       899       901       900         0      3600         0      1200      1199      1201       899       899       900       902      1198      1201      1201      1200      1200      1200
2/3             900       899       901       900         0         0      3600      1199      1201      1200       898       902       901       899      1201      1200      1199      1200      1198      1202
3/1             899       900       900       901      1201      1200      1199      3600         0         0       900       900       900       900      1202      1200      1198      1202      1199      1199
3/2             901       901       900       898      1200      1199      1201         0      3600         0       902       899       898       901      1199      1200      1201      1199      1201      1200
3/3             900       899       900       901      1199      1201      1200         0         0      3600       898       900       903       899      1199      1200      1201      1199      1200      1201
4/1             676       675       675       674       903       899       898       900       902       898      2700         0         0         0       900       900       900       901       901       898
4/2             675       676       675       673       898       899       902       900       899       900         0      2699         0         0       900       900       899       900       899       900
4/3             676       674       674       677       900       900       901       900       898       903         0         0      2701         0       900       901       900       901       898       902
4/4             673       675       676       676       899       902       899       900       901       899         0         0         0      2700       900       899       901       898       902       900
5/1             901       899       901       899      1201      1198      1201      1202      1199      1199       900       900       900       900      3600         0         0      1201      1199      1200
5/2             900       900       900       900      1199      1201      1200      1200      1200      1200       900       900       901       899         0      3600         0      1200      1199      1201
5/3             899       901       899       901      1200      1201      1199      1198      1201      1201       900       899       900       901         0         0      3600      1199      1202      1199
6/1             900       899       900       901      1200      1200      1200      1202      1199      1199       901       900       901       898      1201      1200      1199      3600         0         0
6/2             898       901       901       900      1202      1200      1198      1199      1201      1200       901       899       898       902      1199      1199      1202         0      3600         0
6/3             902       900       899       899      1198      1200      1202      1199      1200      1201       898       900       902       900      1200      1201      1199         0         0      3600

This counting test reports how balanced the design is in terms of frequencies.  To assess how precisely this design can estimate utilities given your expected sample size, we recommend you refer to the Test Design report (the Logit Efficiency Test Using Simulated Data).